#(true core, snc4 processor num, core id, quadrant processor num, row, col)
#-1: silent missing
#-2: missing
0,0,0,0,0,11
1,1,1,1,0,10
2,2,8,6,1,11
3,3,9,7,1,10
4,-1,-1,-1,2,11
5,-1,-1,-1,2,10
6,4,24,20,0,9
7,5,25,21,0,8
8,6,32,28,1,9
9,7,33,29,1,8
10,8,40,36,2,9
11,9,41,37,2,8
12,10,48,42,3,9
13,11,49,43,3,8
14,12,56,50,1,7
15,13,57,51,1,6
16,-2,-2,-2,2,7
17,15,65,59,2,6
18,16,72,66,3,7
19,17,73,67,3,6
20,18,2,2,1,5
21,19,3,3,1,4
22,20,10,8,2,5
23,21,11,9,2,4
24,22,18,14,3,5
25,23,19,15,3,4
26,24,26,22,0,3
27,25,27,23,0,2
28,26,34,30,1,3
29,27,35,31,1,2
30,28,42,38,2,3
31,29,43,39,2,2
32,30,50,44,3,3
33,31,51,45,3,2
34,32,58,52,0,1
35,33,59,53,0,0
36,34,66,60,1,1
37,35,67,61,1,0
38,-1,-1,-1,2,1
39,-1,-1,-1,2,0
40,-1,-1,-1,4,11
41,-1,-1,-1,4,10
42,36,12,10,5,11
43,37,13,11,5,10
44,38,20,16,6,11
45,39,21,17,6,10
46,40,28,24,4,9
47,41,29,25,4,8
48,42,36,32,5,9
49,43,37,33,5,8
50,44,44,40,6,9
51,45,45,41,6,8
52,46,52,46,4,7
53,47,53,47,4,6
54,48,60,54,5,7
55,49,61,55,5,6
56,50,68,62,6,7
57,51,69,63,6,6
58,52,6,4,4,5
59,53,7,5,4,4
60,54,14,12,5,5
61,55,15,13,5,4
62,56,22,18,6,5
63,57,23,19,6,4
64,58,30,26,4,3
65,59,31,27,4,2
66,60,38,34,5,3
67,61,39,35,5,2
68,-1,-1,-1,6,3
69,-1,-1,-1,6,2
70,62,54,48,4,1
71,63,55,49,4,0
72,64,62,56,5,1
73,65,63,57,5,0
74,66,70,64,6,1
75,67,71,65,6,0
